29 0.33349609375 0.5614934114202049 0.2236328125 0.4816983894582723
32 0.47021484375 0.5768667642752562 0.0634765625 0.04978038067349927
32 0.474609375 0.9216691068814056 0.029296875 0.05710102489019034
32 0.158203125 0.9685212298682284 0.021484375 0.060029282576866766
31 0.65185546875 0.6442166910688141 0.3154296875 0.4802342606149341
31 0.12548828125 0.7108345534407028 0.0869140625 0.575402635431918
34 0.32373046875 0.9963396778916545 0.0107421875 0.004392386530014641
19 0.31591796875 0.9787701317715959 0.1982421875 0.03953147877013177
13 0.29296875 0.1705710102489019 0.140625 0.07759882869692533
28 0.34033203125 0.37554904831625185 0.1142578125 0.13616398243045388
4 0.44580078125 0.6595900439238653 0.7275390625 0.677891654465593
0 0.3154296875 0.6530014641288433 0.189453125 0.6910688140556369
38 0.3505859375 0.4011713030746706 0.10546875 0.07027818448023426
