23 0.4567448680351906 0.9013671875 0.09237536656891496 0.041015625
23 0.3907624633431085 0.83447265625 0.02785923753665689 0.0263671875
6 0.44574780058651026 0.7109375 0.21407624633431085 0.357421875
4 0.4633431085043988 0.39990234375 0.3548387096774194 0.3388671875
32 0.5476539589442815 0.44677734375 0.051319648093841645 0.0244140625
32 0.37023460410557185 0.43408203125 0.04252199413489736 0.0244140625
29 0.4897360703812317 0.30322265625 0.16422287390029325 0.1455078125
32 0.5513196480938416 0.330078125 0.04985337243401759 0.009765625
19 0.4809384164222874 0.41162109375 0.19648093841642228 0.0380859375
31 0.6055718475073314 0.41455078125 0.07038123167155426 0.2626953125
31 0.3313782991202346 0.3779296875 0.09090909090909091 0.2578125
34 0.4464809384164223 0.4169921875 0.04838709677419355 0.02734375
