7 0.57666015625 0.6024890190336749 0.0478515625 0.11566617862371889
1 0.57470703125 0.47291361639824303 0.0458984375 0.19326500732064422
9 0.6640625 0.5344070278184481 0.279296875 0.44216691068814057
31 0.72314453125 0.479502196193265 0.1611328125 0.24158125915080528
28 0.61767578125 0.3411420204978038 0.0380859375 0.04685212298682284
23 0.4404296875 0.7789165446559297 0.0703125 0.16691068814055637
23 0.42431640625 0.8997071742313324 0.0810546875 0.15080527086383602
32 0.6396484375 0.6515373352855052 0.037109375 0.09956076134699854
13 0.6171875 0.2247437774524158 0.03515625 0.03074670571010249
32 0.5966796875 0.6434846266471449 0.0078125 0.01903367496339678
