6 0.25927734375 0.7833089311859444 0.1923828125 0.42752562225475843
32 0.33984375 0.6215226939970717 0.02734375 0.04538799414348463
32 0.22021484375 0.6332357247437774 0.0498046875 0.05710102489019034
1 0.31787109375 0.4033674963396779 0.0869140625 0.3850658857979502
33 0.31787109375 0.26207906295754024 0.0869140625 0.10248901903367497
24 0.15380859375 0.47364568081991215 0.2216796875 0.6339677891654466
4 0.328125 0.4289897510980966 0.45703125 0.5446559297218155
35 0.3974609375 0.4575402635431918 0.01171875 0.3411420204978038
35 0.26904296875 0.479502196193265 0.0908203125 0.2972181551976574
31 0.18798828125 0.3609077598828697 0.1767578125 0.39092240117130306
31 0.4814453125 0.46046852122986826 0.150390625 0.4816983894582723
29 0.32373046875 0.3645680819912152 0.2041015625 0.3074670571010249
42 0.41455078125 0.35212298682284043 0.0107421875 0.016105417276720352
42 0.2333984375 0.3184480234260615 0.01171875 0.016105417276720352
