14 0.564453125 0.25768667642752563 0.08203125 0.12298682284040996
33 0.548828125 0.3601756954612006 0.0625 0.04978038067349927
31 0.53515625 0.45973645680819913 0.09375 0.18448023426061494
31 0.59716796875 0.39824304538799415 0.0595703125 0.14641288433382138
1 0.5556640625 0.438506588579795 0.140625 0.22693997071742314
42 0.52490234375 0.6178623718887262 0.0029296875 0.005856515373352855
42 0.55859375 0.6222547584187409 0.00390625 0.005856515373352855
42 0.58154296875 0.6127379209370425 0.0029296875 0.004392386530014641
42 0.49853515625 0.6266471449487555 0.0029296875 0.005856515373352855
32 0.53955078125 0.6434846266471449 0.0419921875 0.060029282576866766
42 0.58740234375 0.6010248901903368 0.0009765625 0.0014641288433382138
32 0.58349609375 0.6295754026354319 0.0107421875 0.05856515373352855
32 0.49560546875 0.6083455344070278 0.0205078125 0.0424597364568082
7 0.53564453125 0.5937042459736457 0.1064453125 0.191800878477306
23 0.58056640625 0.9538799414348462 0.0322265625 0.08931185944363104
23 0.5224609375 0.9685212298682284 0.015625 0.060029282576866766
