15 0.52734375 0.09632352941176471 0.076171875 0.09264705882352942
31 0.49072265625 0.26691176470588235 0.0126953125 0.054411764705882354
31 0.5888671875 0.24558823529411763 0.033203125 0.07647058823529412
0 0.544921875 0.275 0.12109375 0.1676470588235294
23 0.55517578125 0.9566176470588236 0.0302734375 0.01911764705882353
17 0.49609375 0.3941176470588235 0.01953125 0.04411764705882353
23 0.455078125 0.950735294117647 0.046875 0.025
17 0.55126953125 0.36911764705882355 0.0498046875 0.05588235294117647
6 0.517578125 0.6507352941176471 0.15234375 0.6102941176470589
28 0.5458984375 0.21911764705882353 0.056640625 0.05588235294117647
