23 0.41800878477306 0.93798828125 0.08345534407027819 0.0673828125
23 0.5541727672035139 0.94287109375 0.0951683748169839 0.0673828125
21 0.46266471449487556 0.79248046875 0.1376281112737921 0.2490234375
21 0.5702781844802343 0.79345703125 0.11273792093704246 0.2529296875
8 0.5212298682284041 0.61328125 0.2752562225475842 0.130859375
1 0.5344070278184481 0.447265625 0.4685212298682284 0.357421875
33 0.4443631039531479 0.275390625 0.16544655929721816 0.013671875
24 0.657393850658858 0.4345703125 0.15519765739385066 0.33984375
31 0.34333821376281115 0.46142578125 0.08638360175695461 0.3291015625
31 0.6852122986822841 0.41796875 0.16691068814055637 0.298828125
